625
   1.0000000e+00   1.0000000e+00   0.0000000e+00
   1.0000000e+00   2.0000000e+00   3.1622777e+00
   1.0000000e+00   3.0000000e+00   6.3245553e+00
   1.0000000e+00   4.0000000e+00   9.4868330e+00
   1.0000000e+00   5.0000000e+00   1.2649111e+01
   1.0000000e+00   6.0000000e+00   2.2360680e+00
   1.0000000e+00   7.0000000e+00   5.1961524e+00
   1.0000000e+00   8.0000000e+00   8.3066239e+00
   1.0000000e+00   9.0000000e+00   1.1445523e+01
   1.0000000e+00   1.0000000e+01   1.4594520e+01
   1.0000000e+00   1.1000000e+01   4.4721360e+00
   1.0000000e+00   1.2000000e+01   7.3484692e+00
   1.0000000e+00   1.3000000e+01   1.0392305e+01
   1.0000000e+00   1.4000000e+01   1.3490738e+01
   1.0000000e+00   1.5000000e+01   1.6613248e+01
   1.0000000e+00   1.6000000e+01   6.7082039e+00
   1.0000000e+00   1.7000000e+01   9.5393920e+00
   1.0000000e+00   1.8000000e+01   1.2529964e+01
   1.0000000e+00   1.9000000e+01   1.5588457e+01
   1.0000000e+00   2.0000000e+01   1.8681542e+01
   1.0000000e+00   2.1000000e+01   8.9442719e+00
   1.0000000e+00   2.2000000e+01   1.1747340e+01
   1.0000000e+00   2.3000000e+01   1.4696938e+01
   1.0000000e+00   2.4000000e+01   1.7720045e+01
   1.0000000e+00   2.5000000e+01   2.0784610e+01
   2.0000000e+00   1.0000000e+00   3.1622777e+00
   2.0000000e+00   2.0000000e+00   0.0000000e+00
   2.0000000e+00   3.0000000e+00   3.1622777e+00
   2.0000000e+00   4.0000000e+00   6.3245553e+00
   2.0000000e+00   5.0000000e+00   9.4868330e+00
   2.0000000e+00   6.0000000e+00   1.7320508e+00
   2.0000000e+00   7.0000000e+00   2.2360680e+00
   2.0000000e+00   8.0000000e+00   5.1961524e+00
   2.0000000e+00   9.0000000e+00   8.3066239e+00
   2.0000000e+00   1.0000000e+01   1.1445523e+01
   2.0000000e+00   1.1000000e+01   2.4494897e+00
   2.0000000e+00   1.2000000e+01   4.4721360e+00
   2.0000000e+00   1.3000000e+01   7.3484692e+00
   2.0000000e+00   1.4000000e+01   1.0392305e+01
   2.0000000e+00   1.5000000e+01   1.3490738e+01
   2.0000000e+00   1.6000000e+01   4.3588989e+00
   2.0000000e+00   1.7000000e+01   6.7082039e+00
   2.0000000e+00   1.8000000e+01   9.5393920e+00
   2.0000000e+00   1.9000000e+01   1.2529964e+01
   2.0000000e+00   2.0000000e+01   1.5588457e+01
   2.0000000e+00   2.1000000e+01   6.4807407e+00
   2.0000000e+00   2.2000000e+01   8.9442719e+00
   2.0000000e+00   2.3000000e+01   1.1747340e+01
   2.0000000e+00   2.4000000e+01   1.4696938e+01
   2.0000000e+00   2.5000000e+01   1.7720045e+01
   3.0000000e+00   1.0000000e+00   6.3245553e+00
   3.0000000e+00   2.0000000e+00   3.1622777e+00
   3.0000000e+00   3.0000000e+00   0.0000000e+00
   3.0000000e+00   4.0000000e+00   3.1622777e+00
   3.0000000e+00   5.0000000e+00   6.3245553e+00
   3.0000000e+00   6.0000000e+00   4.5825757e+00
   3.0000000e+00   7.0000000e+00   1.7320508e+00
   3.0000000e+00   8.0000000e+00   2.2360680e+00
   3.0000000e+00   9.0000000e+00   5.1961524e+00
   3.0000000e+00   1.0000000e+01   8.3066239e+00
   3.0000000e+00   1.1000000e+01   3.4641016e+00
   3.0000000e+00   1.2000000e+01   2.4494897e+00
   3.0000000e+00   1.3000000e+01   4.4721360e+00
   3.0000000e+00   1.4000000e+01   7.3484692e+00
   3.0000000e+00   1.5000000e+01   1.0392305e+01
   3.0000000e+00   1.6000000e+01   3.6055513e+00
   3.0000000e+00   1.7000000e+01   4.3588989e+00
   3.0000000e+00   1.8000000e+01   6.7082039e+00
   3.0000000e+00   1.9000000e+01   9.5393920e+00
   3.0000000e+00   2.0000000e+01   1.2529964e+01
   3.0000000e+00   2.1000000e+01   4.8989795e+00
   3.0000000e+00   2.2000000e+01   6.4807407e+00
   3.0000000e+00   2.3000000e+01   8.9442719e+00
   3.0000000e+00   2.4000000e+01   1.1747340e+01
   3.0000000e+00   2.5000000e+01   1.4696938e+01
   4.0000000e+00   1.0000000e+00   9.4868330e+00
   4.0000000e+00   2.0000000e+00   6.3245553e+00
   4.0000000e+00   3.0000000e+00   3.1622777e+00
   4.0000000e+00   4.0000000e+00   0.0000000e+00
   4.0000000e+00   5.0000000e+00   3.1622777e+00
   4.0000000e+00   6.0000000e+00   7.6811457e+00
   4.0000000e+00   7.0000000e+00   4.5825757e+00
   4.0000000e+00   8.0000000e+00   1.7320508e+00
   4.0000000e+00   9.0000000e+00   2.2360680e+00
   4.0000000e+00   1.0000000e+01   5.1961524e+00
   4.0000000e+00   1.1000000e+01   6.1644140e+00
   4.0000000e+00   1.2000000e+01   3.4641016e+00
   4.0000000e+00   1.3000000e+01   2.4494897e+00
   4.0000000e+00   1.4000000e+01   4.4721360e+00
   4.0000000e+00   1.5000000e+01   7.3484692e+00
   4.0000000e+00   1.6000000e+01   5.1961524e+00
   4.0000000e+00   1.7000000e+01   3.6055513e+00
   4.0000000e+00   1.8000000e+01   4.3588989e+00
   4.0000000e+00   1.9000000e+01   6.7082039e+00
   4.0000000e+00   2.0000000e+01   9.5393920e+00
   4.0000000e+00   2.1000000e+01   5.0990195e+00
   4.0000000e+00   2.2000000e+01   4.8989795e+00
   4.0000000e+00   2.3000000e+01   6.4807407e+00
   4.0000000e+00   2.4000000e+01   8.9442719e+00
   4.0000000e+00   2.5000000e+01   1.1747340e+01
   5.0000000e+00   1.0000000e+00   1.2649111e+01
   5.0000000e+00   2.0000000e+00   9.4868330e+00
   5.0000000e+00   3.0000000e+00   6.3245553e+00
   5.0000000e+00   4.0000000e+00   3.1622777e+00
   5.0000000e+00   5.0000000e+00   0.0000000e+00
   5.0000000e+00   6.0000000e+00   1.0816654e+01
   5.0000000e+00   7.0000000e+00   7.6811457e+00
   5.0000000e+00   8.0000000e+00   4.5825757e+00
   5.0000000e+00   9.0000000e+00   1.7320508e+00
   5.0000000e+00   1.0000000e+01   2.2360680e+00
   5.0000000e+00   1.1000000e+01   9.1651514e+00
   5.0000000e+00   1.2000000e+01   6.1644140e+00
   5.0000000e+00   1.3000000e+01   3.4641016e+00
   5.0000000e+00   1.4000000e+01   2.4494897e+00
   5.0000000e+00   1.5000000e+01   4.4721360e+00
   5.0000000e+00   1.6000000e+01   7.8102497e+00
   5.0000000e+00   1.7000000e+01   5.1961524e+00
   5.0000000e+00   1.8000000e+01   3.6055513e+00
   5.0000000e+00   1.9000000e+01   4.3588989e+00
   5.0000000e+00   2.0000000e+01   6.7082039e+00
   5.0000000e+00   2.1000000e+01   6.9282032e+00
   5.0000000e+00   2.2000000e+01   5.0990195e+00
   5.0000000e+00   2.3000000e+01   4.8989795e+00
   5.0000000e+00   2.4000000e+01   6.4807407e+00
   5.0000000e+00   2.5000000e+01   8.9442719e+00
   6.0000000e+00   1.0000000e+00   2.2360680e+00
   6.0000000e+00   2.0000000e+00   1.7320508e+00
   6.0000000e+00   3.0000000e+00   4.5825757e+00
   6.0000000e+00   4.0000000e+00   7.6811457e+00
   6.0000000e+00   5.0000000e+00   1.0816654e+01
   6.0000000e+00   6.0000000e+00   0.0000000e+00
   6.0000000e+00   7.0000000e+00   3.1622777e+00
   6.0000000e+00   8.0000000e+00   6.3245553e+00
   6.0000000e+00   9.0000000e+00   9.4868330e+00
   6.0000000e+00   1.0000000e+01   1.2649111e+01
   6.0000000e+00   1.1000000e+01   2.2360680e+00
   6.0000000e+00   1.2000000e+01   5.1961524e+00
   6.0000000e+00   1.3000000e+01   8.3066239e+00
   6.0000000e+00   1.4000000e+01   1.1445523e+01
   6.0000000e+00   1.5000000e+01   1.4594520e+01
   6.0000000e+00   1.6000000e+01   4.4721360e+00
   6.0000000e+00   1.7000000e+01   7.3484692e+00
   6.0000000e+00   1.8000000e+01   1.0392305e+01
   6.0000000e+00   1.9000000e+01   1.3490738e+01
   6.0000000e+00   2.0000000e+01   1.6613248e+01
   6.0000000e+00   2.1000000e+01   6.7082039e+00
   6.0000000e+00   2.2000000e+01   9.5393920e+00
   6.0000000e+00   2.3000000e+01   1.2529964e+01
   6.0000000e+00   2.4000000e+01   1.5588457e+01
   6.0000000e+00   2.5000000e+01   1.8681542e+01
   7.0000000e+00   1.0000000e+00   5.1961524e+00
   7.0000000e+00   2.0000000e+00   2.2360680e+00
   7.0000000e+00   3.0000000e+00   1.7320508e+00
   7.0000000e+00   4.0000000e+00   4.5825757e+00
   7.0000000e+00   5.0000000e+00   7.6811457e+00
   7.0000000e+00   6.0000000e+00   3.1622777e+00
   7.0000000e+00   7.0000000e+00   0.0000000e+00
   7.0000000e+00   8.0000000e+00   3.1622777e+00
   7.0000000e+00   9.0000000e+00   6.3245553e+00
   7.0000000e+00   1.0000000e+01   9.4868330e+00
   7.0000000e+00   1.1000000e+01   1.7320508e+00
   7.0000000e+00   1.2000000e+01   2.2360680e+00
   7.0000000e+00   1.3000000e+01   5.1961524e+00
   7.0000000e+00   1.4000000e+01   8.3066239e+00
   7.0000000e+00   1.5000000e+01   1.1445523e+01
   7.0000000e+00   1.6000000e+01   2.4494897e+00
   7.0000000e+00   1.7000000e+01   4.4721360e+00
   7.0000000e+00   1.8000000e+01   7.3484692e+00
   7.0000000e+00   1.9000000e+01   1.0392305e+01
   7.0000000e+00   2.0000000e+01   1.3490738e+01
   7.0000000e+00   2.1000000e+01   4.3588989e+00
   7.0000000e+00   2.2000000e+01   6.7082039e+00
   7.0000000e+00   2.3000000e+01   9.5393920e+00
   7.0000000e+00   2.4000000e+01   1.2529964e+01
   7.0000000e+00   2.5000000e+01   1.5588457e+01
   8.0000000e+00   1.0000000e+00   8.3066239e+00
   8.0000000e+00   2.0000000e+00   5.1961524e+00
   8.0000000e+00   3.0000000e+00   2.2360680e+00
   8.0000000e+00   4.0000000e+00   1.7320508e+00
   8.0000000e+00   5.0000000e+00   4.5825757e+00
   8.0000000e+00   6.0000000e+00   6.3245553e+00
   8.0000000e+00   7.0000000e+00   3.1622777e+00
   8.0000000e+00   8.0000000e+00   0.0000000e+00
   8.0000000e+00   9.0000000e+00   3.1622777e+00
   8.0000000e+00   1.0000000e+01   6.3245553e+00
   8.0000000e+00   1.1000000e+01   4.5825757e+00
   8.0000000e+00   1.2000000e+01   1.7320508e+00
   8.0000000e+00   1.3000000e+01   2.2360680e+00
   8.0000000e+00   1.4000000e+01   5.1961524e+00
   8.0000000e+00   1.5000000e+01   8.3066239e+00
   8.0000000e+00   1.6000000e+01   3.4641016e+00
   8.0000000e+00   1.7000000e+01   2.4494897e+00
   8.0000000e+00   1.8000000e+01   4.4721360e+00
   8.0000000e+00   1.9000000e+01   7.3484692e+00
   8.0000000e+00   2.0000000e+01   1.0392305e+01
   8.0000000e+00   2.1000000e+01   3.6055513e+00
   8.0000000e+00   2.2000000e+01   4.3588989e+00
   8.0000000e+00   2.3000000e+01   6.7082039e+00
   8.0000000e+00   2.4000000e+01   9.5393920e+00
   8.0000000e+00   2.5000000e+01   1.2529964e+01
   9.0000000e+00   1.0000000e+00   1.1445523e+01
   9.0000000e+00   2.0000000e+00   8.3066239e+00
   9.0000000e+00   3.0000000e+00   5.1961524e+00
   9.0000000e+00   4.0000000e+00   2.2360680e+00
   9.0000000e+00   5.0000000e+00   1.7320508e+00
   9.0000000e+00   6.0000000e+00   9.4868330e+00
   9.0000000e+00   7.0000000e+00   6.3245553e+00
   9.0000000e+00   8.0000000e+00   3.1622777e+00
   9.0000000e+00   9.0000000e+00   0.0000000e+00
   9.0000000e+00   1.0000000e+01   3.1622777e+00
   9.0000000e+00   1.1000000e+01   7.6811457e+00
   9.0000000e+00   1.2000000e+01   4.5825757e+00
   9.0000000e+00   1.3000000e+01   1.7320508e+00
   9.0000000e+00   1.4000000e+01   2.2360680e+00
   9.0000000e+00   1.5000000e+01   5.1961524e+00
   9.0000000e+00   1.6000000e+01   6.1644140e+00
   9.0000000e+00   1.7000000e+01   3.4641016e+00
   9.0000000e+00   1.8000000e+01   2.4494897e+00
   9.0000000e+00   1.9000000e+01   4.4721360e+00
   9.0000000e+00   2.0000000e+01   7.3484692e+00
   9.0000000e+00   2.1000000e+01   5.1961524e+00
   9.0000000e+00   2.2000000e+01   3.6055513e+00
   9.0000000e+00   2.3000000e+01   4.3588989e+00
   9.0000000e+00   2.4000000e+01   6.7082039e+00
   9.0000000e+00   2.5000000e+01   9.5393920e+00
   1.0000000e+01   1.0000000e+00   1.4594520e+01
   1.0000000e+01   2.0000000e+00   1.1445523e+01
   1.0000000e+01   3.0000000e+00   8.3066239e+00
   1.0000000e+01   4.0000000e+00   5.1961524e+00
   1.0000000e+01   5.0000000e+00   2.2360680e+00
   1.0000000e+01   6.0000000e+00   1.2649111e+01
   1.0000000e+01   7.0000000e+00   9.4868330e+00
   1.0000000e+01   8.0000000e+00   6.3245553e+00
   1.0000000e+01   9.0000000e+00   3.1622777e+00
   1.0000000e+01   1.0000000e+01   0.0000000e+00
   1.0000000e+01   1.1000000e+01   1.0816654e+01
   1.0000000e+01   1.2000000e+01   7.6811457e+00
   1.0000000e+01   1.3000000e+01   4.5825757e+00
   1.0000000e+01   1.4000000e+01   1.7320508e+00
   1.0000000e+01   1.5000000e+01   2.2360680e+00
   1.0000000e+01   1.6000000e+01   9.1651514e+00
   1.0000000e+01   1.7000000e+01   6.1644140e+00
   1.0000000e+01   1.8000000e+01   3.4641016e+00
   1.0000000e+01   1.9000000e+01   2.4494897e+00
   1.0000000e+01   2.0000000e+01   4.4721360e+00
   1.0000000e+01   2.1000000e+01   7.8102497e+00
   1.0000000e+01   2.2000000e+01   5.1961524e+00
   1.0000000e+01   2.3000000e+01   3.6055513e+00
   1.0000000e+01   2.4000000e+01   4.3588989e+00
   1.0000000e+01   2.5000000e+01   6.7082039e+00
   1.1000000e+01   1.0000000e+00   4.4721360e+00
   1.1000000e+01   2.0000000e+00   2.4494897e+00
   1.1000000e+01   3.0000000e+00   3.4641016e+00
   1.1000000e+01   4.0000000e+00   6.1644140e+00
   1.1000000e+01   5.0000000e+00   9.1651514e+00
   1.1000000e+01   6.0000000e+00   2.2360680e+00
   1.1000000e+01   7.0000000e+00   1.7320508e+00
   1.1000000e+01   8.0000000e+00   4.5825757e+00
   1.1000000e+01   9.0000000e+00   7.6811457e+00
   1.1000000e+01   1.0000000e+01   1.0816654e+01
   1.1000000e+01   1.1000000e+01   0.0000000e+00
   1.1000000e+01   1.2000000e+01   3.1622777e+00
   1.1000000e+01   1.3000000e+01   6.3245553e+00
   1.1000000e+01   1.4000000e+01   9.4868330e+00
   1.1000000e+01   1.5000000e+01   1.2649111e+01
   1.1000000e+01   1.6000000e+01   2.2360680e+00
   1.1000000e+01   1.7000000e+01   5.1961524e+00
   1.1000000e+01   1.8000000e+01   8.3066239e+00
   1.1000000e+01   1.9000000e+01   1.1445523e+01
   1.1000000e+01   2.0000000e+01   1.4594520e+01
   1.1000000e+01   2.1000000e+01   4.4721360e+00
   1.1000000e+01   2.2000000e+01   7.3484692e+00
   1.1000000e+01   2.3000000e+01   1.0392305e+01
   1.1000000e+01   2.4000000e+01   1.3490738e+01
   1.1000000e+01   2.5000000e+01   1.6613248e+01
   1.2000000e+01   1.0000000e+00   7.3484692e+00
   1.2000000e+01   2.0000000e+00   4.4721360e+00
   1.2000000e+01   3.0000000e+00   2.4494897e+00
   1.2000000e+01   4.0000000e+00   3.4641016e+00
   1.2000000e+01   5.0000000e+00   6.1644140e+00
   1.2000000e+01   6.0000000e+00   5.1961524e+00
   1.2000000e+01   7.0000000e+00   2.2360680e+00
   1.2000000e+01   8.0000000e+00   1.7320508e+00
   1.2000000e+01   9.0000000e+00   4.5825757e+00
   1.2000000e+01   1.0000000e+01   7.6811457e+00
   1.2000000e+01   1.1000000e+01   3.1622777e+00
   1.2000000e+01   1.2000000e+01   0.0000000e+00
   1.2000000e+01   1.3000000e+01   3.1622777e+00
   1.2000000e+01   1.4000000e+01   6.3245553e+00
   1.2000000e+01   1.5000000e+01   9.4868330e+00
   1.2000000e+01   1.6000000e+01   1.7320508e+00
   1.2000000e+01   1.7000000e+01   2.2360680e+00
   1.2000000e+01   1.8000000e+01   5.1961524e+00
   1.2000000e+01   1.9000000e+01   8.3066239e+00
   1.2000000e+01   2.0000000e+01   1.1445523e+01
   1.2000000e+01   2.1000000e+01   2.4494897e+00
   1.2000000e+01   2.2000000e+01   4.4721360e+00
   1.2000000e+01   2.3000000e+01   7.3484692e+00
   1.2000000e+01   2.4000000e+01   1.0392305e+01
   1.2000000e+01   2.5000000e+01   1.3490738e+01
   1.3000000e+01   1.0000000e+00   1.0392305e+01
   1.3000000e+01   2.0000000e+00   7.3484692e+00
   1.3000000e+01   3.0000000e+00   4.4721360e+00
   1.3000000e+01   4.0000000e+00   2.4494897e+00
   1.3000000e+01   5.0000000e+00   3.4641016e+00
   1.3000000e+01   6.0000000e+00   8.3066239e+00
   1.3000000e+01   7.0000000e+00   5.1961524e+00
   1.3000000e+01   8.0000000e+00   2.2360680e+00
   1.3000000e+01   9.0000000e+00   1.7320508e+00
   1.3000000e+01   1.0000000e+01   4.5825757e+00
   1.3000000e+01   1.1000000e+01   6.3245553e+00
   1.3000000e+01   1.2000000e+01   3.1622777e+00
   1.3000000e+01   1.3000000e+01   0.0000000e+00
   1.3000000e+01   1.4000000e+01   3.1622777e+00
   1.3000000e+01   1.5000000e+01   6.3245553e+00
   1.3000000e+01   1.6000000e+01   4.5825757e+00
   1.3000000e+01   1.7000000e+01   1.7320508e+00
   1.3000000e+01   1.8000000e+01   2.2360680e+00
   1.3000000e+01   1.9000000e+01   5.1961524e+00
   1.3000000e+01   2.0000000e+01   8.3066239e+00
   1.3000000e+01   2.1000000e+01   3.4641016e+00
   1.3000000e+01   2.2000000e+01   2.4494897e+00
   1.3000000e+01   2.3000000e+01   4.4721360e+00
   1.3000000e+01   2.4000000e+01   7.3484692e+00
   1.3000000e+01   2.5000000e+01   1.0392305e+01
   1.4000000e+01   1.0000000e+00   1.3490738e+01
   1.4000000e+01   2.0000000e+00   1.0392305e+01
   1.4000000e+01   3.0000000e+00   7.3484692e+00
   1.4000000e+01   4.0000000e+00   4.4721360e+00
   1.4000000e+01   5.0000000e+00   2.4494897e+00
   1.4000000e+01   6.0000000e+00   1.1445523e+01
   1.4000000e+01   7.0000000e+00   8.3066239e+00
   1.4000000e+01   8.0000000e+00   5.1961524e+00
   1.4000000e+01   9.0000000e+00   2.2360680e+00
   1.4000000e+01   1.0000000e+01   1.7320508e+00
   1.4000000e+01   1.1000000e+01   9.4868330e+00
   1.4000000e+01   1.2000000e+01   6.3245553e+00
   1.4000000e+01   1.3000000e+01   3.1622777e+00
   1.4000000e+01   1.4000000e+01   0.0000000e+00
   1.4000000e+01   1.5000000e+01   3.1622777e+00
   1.4000000e+01   1.6000000e+01   7.6811457e+00
   1.4000000e+01   1.7000000e+01   4.5825757e+00
   1.4000000e+01   1.8000000e+01   1.7320508e+00
   1.4000000e+01   1.9000000e+01   2.2360680e+00
   1.4000000e+01   2.0000000e+01   5.1961524e+00
   1.4000000e+01   2.1000000e+01   6.1644140e+00
   1.4000000e+01   2.2000000e+01   3.4641016e+00
   1.4000000e+01   2.3000000e+01   2.4494897e+00
   1.4000000e+01   2.4000000e+01   4.4721360e+00
   1.4000000e+01   2.5000000e+01   7.3484692e+00
   1.5000000e+01   1.0000000e+00   1.6613248e+01
   1.5000000e+01   2.0000000e+00   1.3490738e+01
   1.5000000e+01   3.0000000e+00   1.0392305e+01
   1.5000000e+01   4.0000000e+00   7.3484692e+00
   1.5000000e+01   5.0000000e+00   4.4721360e+00
   1.5000000e+01   6.0000000e+00   1.4594520e+01
   1.5000000e+01   7.0000000e+00   1.1445523e+01
   1.5000000e+01   8.0000000e+00   8.3066239e+00
   1.5000000e+01   9.0000000e+00   5.1961524e+00
   1.5000000e+01   1.0000000e+01   2.2360680e+00
   1.5000000e+01   1.1000000e+01   1.2649111e+01
   1.5000000e+01   1.2000000e+01   9.4868330e+00
   1.5000000e+01   1.3000000e+01   6.3245553e+00
   1.5000000e+01   1.4000000e+01   3.1622777e+00
   1.5000000e+01   1.5000000e+01   0.0000000e+00
   1.5000000e+01   1.6000000e+01   1.0816654e+01
   1.5000000e+01   1.7000000e+01   7.6811457e+00
   1.5000000e+01   1.8000000e+01   4.5825757e+00
   1.5000000e+01   1.9000000e+01   1.7320508e+00
   1.5000000e+01   2.0000000e+01   2.2360680e+00
   1.5000000e+01   2.1000000e+01   9.1651514e+00
   1.5000000e+01   2.2000000e+01   6.1644140e+00
   1.5000000e+01   2.3000000e+01   3.4641016e+00
   1.5000000e+01   2.4000000e+01   2.4494897e+00
   1.5000000e+01   2.5000000e+01   4.4721360e+00
   1.6000000e+01   1.0000000e+00   6.7082039e+00
   1.6000000e+01   2.0000000e+00   4.3588989e+00
   1.6000000e+01   3.0000000e+00   3.6055513e+00
   1.6000000e+01   4.0000000e+00   5.1961524e+00
   1.6000000e+01   5.0000000e+00   7.8102497e+00
   1.6000000e+01   6.0000000e+00   4.4721360e+00
   1.6000000e+01   7.0000000e+00   2.4494897e+00
   1.6000000e+01   8.0000000e+00   3.4641016e+00
   1.6000000e+01   9.0000000e+00   6.1644140e+00
   1.6000000e+01   1.0000000e+01   9.1651514e+00
   1.6000000e+01   1.1000000e+01   2.2360680e+00
   1.6000000e+01   1.2000000e+01   1.7320508e+00
   1.6000000e+01   1.3000000e+01   4.5825757e+00
   1.6000000e+01   1.4000000e+01   7.6811457e+00
   1.6000000e+01   1.5000000e+01   1.0816654e+01
   1.6000000e+01   1.6000000e+01   0.0000000e+00
   1.6000000e+01   1.7000000e+01   3.1622777e+00
   1.6000000e+01   1.8000000e+01   6.3245553e+00
   1.6000000e+01   1.9000000e+01   9.4868330e+00
   1.6000000e+01   2.0000000e+01   1.2649111e+01
   1.6000000e+01   2.1000000e+01   2.2360680e+00
   1.6000000e+01   2.2000000e+01   5.1961524e+00
   1.6000000e+01   2.3000000e+01   8.3066239e+00
   1.6000000e+01   2.4000000e+01   1.1445523e+01
   1.6000000e+01   2.5000000e+01   1.4594520e+01
   1.7000000e+01   1.0000000e+00   9.5393920e+00
   1.7000000e+01   2.0000000e+00   6.7082039e+00
   1.7000000e+01   3.0000000e+00   4.3588989e+00
   1.7000000e+01   4.0000000e+00   3.6055513e+00
   1.7000000e+01   5.0000000e+00   5.1961524e+00
   1.7000000e+01   6.0000000e+00   7.3484692e+00
   1.7000000e+01   7.0000000e+00   4.4721360e+00
   1.7000000e+01   8.0000000e+00   2.4494897e+00
   1.7000000e+01   9.0000000e+00   3.4641016e+00
   1.7000000e+01   1.0000000e+01   6.1644140e+00
   1.7000000e+01   1.1000000e+01   5.1961524e+00
   1.7000000e+01   1.2000000e+01   2.2360680e+00
   1.7000000e+01   1.3000000e+01   1.7320508e+00
   1.7000000e+01   1.4000000e+01   4.5825757e+00
   1.7000000e+01   1.5000000e+01   7.6811457e+00
   1.7000000e+01   1.6000000e+01   3.1622777e+00
   1.7000000e+01   1.7000000e+01   0.0000000e+00
   1.7000000e+01   1.8000000e+01   3.1622777e+00
   1.7000000e+01   1.9000000e+01   6.3245553e+00
   1.7000000e+01   2.0000000e+01   9.4868330e+00
   1.7000000e+01   2.1000000e+01   1.7320508e+00
   1.7000000e+01   2.2000000e+01   2.2360680e+00
   1.7000000e+01   2.3000000e+01   5.1961524e+00
   1.7000000e+01   2.4000000e+01   8.3066239e+00
   1.7000000e+01   2.5000000e+01   1.1445523e+01
   1.8000000e+01   1.0000000e+00   1.2529964e+01
   1.8000000e+01   2.0000000e+00   9.5393920e+00
   1.8000000e+01   3.0000000e+00   6.7082039e+00
   1.8000000e+01   4.0000000e+00   4.3588989e+00
   1.8000000e+01   5.0000000e+00   3.6055513e+00
   1.8000000e+01   6.0000000e+00   1.0392305e+01
   1.8000000e+01   7.0000000e+00   7.3484692e+00
   1.8000000e+01   8.0000000e+00   4.4721360e+00
   1.8000000e+01   9.0000000e+00   2.4494897e+00
   1.8000000e+01   1.0000000e+01   3.4641016e+00
   1.8000000e+01   1.1000000e+01   8.3066239e+00
   1.8000000e+01   1.2000000e+01   5.1961524e+00
   1.8000000e+01   1.3000000e+01   2.2360680e+00
   1.8000000e+01   1.4000000e+01   1.7320508e+00
   1.8000000e+01   1.5000000e+01   4.5825757e+00
   1.8000000e+01   1.6000000e+01   6.3245553e+00
   1.8000000e+01   1.7000000e+01   3.1622777e+00
   1.8000000e+01   1.8000000e+01   0.0000000e+00
   1.8000000e+01   1.9000000e+01   3.1622777e+00
   1.8000000e+01   2.0000000e+01   6.3245553e+00
   1.8000000e+01   2.1000000e+01   4.5825757e+00
   1.8000000e+01   2.2000000e+01   1.7320508e+00
   1.8000000e+01   2.3000000e+01   2.2360680e+00
   1.8000000e+01   2.4000000e+01   5.1961524e+00
   1.8000000e+01   2.5000000e+01   8.3066239e+00
   1.9000000e+01   1.0000000e+00   1.5588457e+01
   1.9000000e+01   2.0000000e+00   1.2529964e+01
   1.9000000e+01   3.0000000e+00   9.5393920e+00
   1.9000000e+01   4.0000000e+00   6.7082039e+00
   1.9000000e+01   5.0000000e+00   4.3588989e+00
   1.9000000e+01   6.0000000e+00   1.3490738e+01
   1.9000000e+01   7.0000000e+00   1.0392305e+01
   1.9000000e+01   8.0000000e+00   7.3484692e+00
   1.9000000e+01   9.0000000e+00   4.4721360e+00
   1.9000000e+01   1.0000000e+01   2.4494897e+00
   1.9000000e+01   1.1000000e+01   1.1445523e+01
   1.9000000e+01   1.2000000e+01   8.3066239e+00
   1.9000000e+01   1.3000000e+01   5.1961524e+00
   1.9000000e+01   1.4000000e+01   2.2360680e+00
   1.9000000e+01   1.5000000e+01   1.7320508e+00
   1.9000000e+01   1.6000000e+01   9.4868330e+00
   1.9000000e+01   1.7000000e+01   6.3245553e+00
   1.9000000e+01   1.8000000e+01   3.1622777e+00
   1.9000000e+01   1.9000000e+01   0.0000000e+00
   1.9000000e+01   2.0000000e+01   3.1622777e+00
   1.9000000e+01   2.1000000e+01   7.6811457e+00
   1.9000000e+01   2.2000000e+01   4.5825757e+00
   1.9000000e+01   2.3000000e+01   1.7320508e+00
   1.9000000e+01   2.4000000e+01   2.2360680e+00
   1.9000000e+01   2.5000000e+01   5.1961524e+00
   2.0000000e+01   1.0000000e+00   1.8681542e+01
   2.0000000e+01   2.0000000e+00   1.5588457e+01
   2.0000000e+01   3.0000000e+00   1.2529964e+01
   2.0000000e+01   4.0000000e+00   9.5393920e+00
   2.0000000e+01   5.0000000e+00   6.7082039e+00
   2.0000000e+01   6.0000000e+00   1.6613248e+01
   2.0000000e+01   7.0000000e+00   1.3490738e+01
   2.0000000e+01   8.0000000e+00   1.0392305e+01
   2.0000000e+01   9.0000000e+00   7.3484692e+00
   2.0000000e+01   1.0000000e+01   4.4721360e+00
   2.0000000e+01   1.1000000e+01   1.4594520e+01
   2.0000000e+01   1.2000000e+01   1.1445523e+01
   2.0000000e+01   1.3000000e+01   8.3066239e+00
   2.0000000e+01   1.4000000e+01   5.1961524e+00
   2.0000000e+01   1.5000000e+01   2.2360680e+00
   2.0000000e+01   1.6000000e+01   1.2649111e+01
   2.0000000e+01   1.7000000e+01   9.4868330e+00
   2.0000000e+01   1.8000000e+01   6.3245553e+00
   2.0000000e+01   1.9000000e+01   3.1622777e+00
   2.0000000e+01   2.0000000e+01   0.0000000e+00
   2.0000000e+01   2.1000000e+01   1.0816654e+01
   2.0000000e+01   2.2000000e+01   7.6811457e+00
   2.0000000e+01   2.3000000e+01   4.5825757e+00
   2.0000000e+01   2.4000000e+01   1.7320508e+00
   2.0000000e+01   2.5000000e+01   2.2360680e+00
   2.1000000e+01   1.0000000e+00   8.9442719e+00
   2.1000000e+01   2.0000000e+00   6.4807407e+00
   2.1000000e+01   3.0000000e+00   4.8989795e+00
   2.1000000e+01   4.0000000e+00   5.0990195e+00
   2.1000000e+01   5.0000000e+00   6.9282032e+00
   2.1000000e+01   6.0000000e+00   6.7082039e+00
   2.1000000e+01   7.0000000e+00   4.3588989e+00
   2.1000000e+01   8.0000000e+00   3.6055513e+00
   2.1000000e+01   9.0000000e+00   5.1961524e+00
   2.1000000e+01   1.0000000e+01   7.8102497e+00
   2.1000000e+01   1.1000000e+01   4.4721360e+00
   2.1000000e+01   1.2000000e+01   2.4494897e+00
   2.1000000e+01   1.3000000e+01   3.4641016e+00
   2.1000000e+01   1.4000000e+01   6.1644140e+00
   2.1000000e+01   1.5000000e+01   9.1651514e+00
   2.1000000e+01   1.6000000e+01   2.2360680e+00
   2.1000000e+01   1.7000000e+01   1.7320508e+00
   2.1000000e+01   1.8000000e+01   4.5825757e+00
   2.1000000e+01   1.9000000e+01   7.6811457e+00
   2.1000000e+01   2.0000000e+01   1.0816654e+01
   2.1000000e+01   2.1000000e+01   0.0000000e+00
   2.1000000e+01   2.2000000e+01   3.1622777e+00
   2.1000000e+01   2.3000000e+01   6.3245553e+00
   2.1000000e+01   2.4000000e+01   9.4868330e+00
   2.1000000e+01   2.5000000e+01   1.2649111e+01
   2.2000000e+01   1.0000000e+00   1.1747340e+01
   2.2000000e+01   2.0000000e+00   8.9442719e+00
   2.2000000e+01   3.0000000e+00   6.4807407e+00
   2.2000000e+01   4.0000000e+00   4.8989795e+00
   2.2000000e+01   5.0000000e+00   5.0990195e+00
   2.2000000e+01   6.0000000e+00   9.5393920e+00
   2.2000000e+01   7.0000000e+00   6.7082039e+00
   2.2000000e+01   8.0000000e+00   4.3588989e+00
   2.2000000e+01   9.0000000e+00   3.6055513e+00
   2.2000000e+01   1.0000000e+01   5.1961524e+00
   2.2000000e+01   1.1000000e+01   7.3484692e+00
   2.2000000e+01   1.2000000e+01   4.4721360e+00
   2.2000000e+01   1.3000000e+01   2.4494897e+00
   2.2000000e+01   1.4000000e+01   3.4641016e+00
   2.2000000e+01   1.5000000e+01   6.1644140e+00
   2.2000000e+01   1.6000000e+01   5.1961524e+00
   2.2000000e+01   1.7000000e+01   2.2360680e+00
   2.2000000e+01   1.8000000e+01   1.7320508e+00
   2.2000000e+01   1.9000000e+01   4.5825757e+00
   2.2000000e+01   2.0000000e+01   7.6811457e+00
   2.2000000e+01   2.1000000e+01   3.1622777e+00
   2.2000000e+01   2.2000000e+01   0.0000000e+00
   2.2000000e+01   2.3000000e+01   3.1622777e+00
   2.2000000e+01   2.4000000e+01   6.3245553e+00
   2.2000000e+01   2.5000000e+01   9.4868330e+00
   2.3000000e+01   1.0000000e+00   1.4696938e+01
   2.3000000e+01   2.0000000e+00   1.1747340e+01
   2.3000000e+01   3.0000000e+00   8.9442719e+00
   2.3000000e+01   4.0000000e+00   6.4807407e+00
   2.3000000e+01   5.0000000e+00   4.8989795e+00
   2.3000000e+01   6.0000000e+00   1.2529964e+01
   2.3000000e+01   7.0000000e+00   9.5393920e+00
   2.3000000e+01   8.0000000e+00   6.7082039e+00
   2.3000000e+01   9.0000000e+00   4.3588989e+00
   2.3000000e+01   1.0000000e+01   3.6055513e+00
   2.3000000e+01   1.1000000e+01   1.0392305e+01
   2.3000000e+01   1.2000000e+01   7.3484692e+00
   2.3000000e+01   1.3000000e+01   4.4721360e+00
   2.3000000e+01   1.4000000e+01   2.4494897e+00
   2.3000000e+01   1.5000000e+01   3.4641016e+00
   2.3000000e+01   1.6000000e+01   8.3066239e+00
   2.3000000e+01   1.7000000e+01   5.1961524e+00
   2.3000000e+01   1.8000000e+01   2.2360680e+00
   2.3000000e+01   1.9000000e+01   1.7320508e+00
   2.3000000e+01   2.0000000e+01   4.5825757e+00
   2.3000000e+01   2.1000000e+01   6.3245553e+00
   2.3000000e+01   2.2000000e+01   3.1622777e+00
   2.3000000e+01   2.3000000e+01   0.0000000e+00
   2.3000000e+01   2.4000000e+01   3.1622777e+00
   2.3000000e+01   2.5000000e+01   6.3245553e+00
   2.4000000e+01   1.0000000e+00   1.7720045e+01
   2.4000000e+01   2.0000000e+00   1.4696938e+01
   2.4000000e+01   3.0000000e+00   1.1747340e+01
   2.4000000e+01   4.0000000e+00   8.9442719e+00
   2.4000000e+01   5.0000000e+00   6.4807407e+00
   2.4000000e+01   6.0000000e+00   1.5588457e+01
   2.4000000e+01   7.0000000e+00   1.2529964e+01
   2.4000000e+01   8.0000000e+00   9.5393920e+00
   2.4000000e+01   9.0000000e+00   6.7082039e+00
   2.4000000e+01   1.0000000e+01   4.3588989e+00
   2.4000000e+01   1.1000000e+01   1.3490738e+01
   2.4000000e+01   1.2000000e+01   1.0392305e+01
   2.4000000e+01   1.3000000e+01   7.3484692e+00
   2.4000000e+01   1.4000000e+01   4.4721360e+00
   2.4000000e+01   1.5000000e+01   2.4494897e+00
   2.4000000e+01   1.6000000e+01   1.1445523e+01
   2.4000000e+01   1.7000000e+01   8.3066239e+00
   2.4000000e+01   1.8000000e+01   5.1961524e+00
   2.4000000e+01   1.9000000e+01   2.2360680e+00
   2.4000000e+01   2.0000000e+01   1.7320508e+00
   2.4000000e+01   2.1000000e+01   9.4868330e+00
   2.4000000e+01   2.2000000e+01   6.3245553e+00
   2.4000000e+01   2.3000000e+01   3.1622777e+00
   2.4000000e+01   2.4000000e+01   0.0000000e+00
   2.4000000e+01   2.5000000e+01   3.1622777e+00
   2.5000000e+01   1.0000000e+00   2.0784610e+01
   2.5000000e+01   2.0000000e+00   1.7720045e+01
   2.5000000e+01   3.0000000e+00   1.4696938e+01
   2.5000000e+01   4.0000000e+00   1.1747340e+01
   2.5000000e+01   5.0000000e+00   8.9442719e+00
   2.5000000e+01   6.0000000e+00   1.8681542e+01
   2.5000000e+01   7.0000000e+00   1.5588457e+01
   2.5000000e+01   8.0000000e+00   1.2529964e+01
   2.5000000e+01   9.0000000e+00   9.5393920e+00
   2.5000000e+01   1.0000000e+01   6.7082039e+00
   2.5000000e+01   1.1000000e+01   1.6613248e+01
   2.5000000e+01   1.2000000e+01   1.3490738e+01
   2.5000000e+01   1.3000000e+01   1.0392305e+01
   2.5000000e+01   1.4000000e+01   7.3484692e+00
   2.5000000e+01   1.5000000e+01   4.4721360e+00
   2.5000000e+01   1.6000000e+01   1.4594520e+01
   2.5000000e+01   1.7000000e+01   1.1445523e+01
   2.5000000e+01   1.8000000e+01   8.3066239e+00
   2.5000000e+01   1.9000000e+01   5.1961524e+00
   2.5000000e+01   2.0000000e+01   2.2360680e+00
   2.5000000e+01   2.1000000e+01   1.2649111e+01
   2.5000000e+01   2.2000000e+01   9.4868330e+00
   2.5000000e+01   2.3000000e+01   6.3245553e+00
   2.5000000e+01   2.4000000e+01   3.1622777e+00
   2.5000000e+01   2.5000000e+01   0.0000000e+00
