   0.0000000e+00   0.0000000e+00  -1.0000000e+00
  -1.5643447e-01   0.0000000e+00  -9.8768834e-01
  -3.0901699e-01   0.0000000e+00  -9.5105652e-01
  -4.5399050e-01   0.0000000e+00  -8.9100652e-01
  -5.8778525e-01   0.0000000e+00  -8.0901699e-01
  -7.0710678e-01   0.0000000e+00  -7.0710678e-01
  -8.0901699e-01   0.0000000e+00  -5.8778525e-01
  -8.9100652e-01   0.0000000e+00  -4.5399050e-01
  -9.5105652e-01   0.0000000e+00  -3.0901699e-01
  -9.8768834e-01   0.0000000e+00  -1.5643447e-01
  -1.0000000e+00   0.0000000e+00   0.0000000e+00
  -9.8768834e-01   0.0000000e+00   1.5643447e-01
  -9.5105652e-01   0.0000000e+00   3.0901699e-01
  -8.9100652e-01   0.0000000e+00   4.5399050e-01
  -8.0901699e-01   0.0000000e+00   5.8778525e-01
  -7.0710678e-01   0.0000000e+00   7.0710678e-01
  -5.8778525e-01   0.0000000e+00   8.0901699e-01
  -4.5399050e-01   0.0000000e+00   8.9100652e-01
  -3.0901699e-01   0.0000000e+00   9.5105652e-01
  -1.5643447e-01   0.0000000e+00   9.8768834e-01
   0.0000000e+00   0.0000000e+00   1.0000000e+00
   0.0000000e+00   0.0000000e+00  -1.0000000e+00
  -1.4877802e-01  -4.8340908e-02  -9.8768834e-01
  -2.9389263e-01  -9.5491503e-02  -9.5105652e-01
  -4.3177062e-01  -1.4029078e-01  -8.9100652e-01
  -5.5901699e-01  -1.8163563e-01  -8.0901699e-01
  -6.7249851e-01  -2.1850801e-01  -7.0710678e-01
  -7.6942088e-01  -2.5000000e-01  -5.8778525e-01
  -8.4739756e-01  -2.7533616e-01  -4.5399050e-01
  -9.0450850e-01  -2.9389263e-01  -3.0901699e-01
  -9.3934743e-01  -3.0521248e-01  -1.5643447e-01
  -9.5105652e-01  -3.0901699e-01   0.0000000e+00
  -9.3934743e-01  -3.0521248e-01   1.5643447e-01
  -9.0450850e-01  -2.9389263e-01   3.0901699e-01
  -8.4739756e-01  -2.7533616e-01   4.5399050e-01
  -7.6942088e-01  -2.5000000e-01   5.8778525e-01
  -6.7249851e-01  -2.1850801e-01   7.0710678e-01
  -5.5901699e-01  -1.8163563e-01   8.0901699e-01
  -4.3177062e-01  -1.4029078e-01   8.9100652e-01
  -2.9389263e-01  -9.5491503e-02   9.5105652e-01
  -1.4877802e-01  -4.8340908e-02   9.8768834e-01
   0.0000000e+00   0.0000000e+00   1.0000000e+00
   0.0000000e+00   0.0000000e+00  -1.0000000e+00
  -1.2655814e-01  -9.1949872e-02  -9.8768834e-01
  -2.5000000e-01  -1.8163563e-01  -9.5105652e-01
  -3.6728603e-01  -2.6684892e-01  -8.9100652e-01
  -4.7552826e-01  -3.4549150e-01  -8.0901699e-01
  -5.7206140e-01  -4.1562694e-01  -7.0710678e-01
  -6.5450850e-01  -4.7552826e-01  -5.8778525e-01
  -7.2083942e-01  -5.2372049e-01  -4.5399050e-01
  -7.6942088e-01  -5.5901699e-01  -3.0901699e-01
  -7.9905665e-01  -5.8054864e-01  -1.5643447e-01
  -8.0901699e-01  -5.8778525e-01   0.0000000e+00
  -7.9905665e-01  -5.8054864e-01   1.5643447e-01
  -7.6942088e-01  -5.5901699e-01   3.0901699e-01
  -7.2083942e-01  -5.2372049e-01   4.5399050e-01
  -6.5450850e-01  -4.7552826e-01   5.8778525e-01
  -5.7206140e-01  -4.1562694e-01   7.0710678e-01
  -4.7552826e-01  -3.4549150e-01   8.0901699e-01
  -3.6728603e-01  -2.6684892e-01   8.9100652e-01
  -2.5000000e-01  -1.8163563e-01   9.5105652e-01
  -1.2655814e-01  -9.1949872e-02   9.8768834e-01
   0.0000000e+00   0.0000000e+00   1.0000000e+00
   0.0000000e+00   0.0000000e+00  -1.0000000e+00
  -9.1949872e-02  -1.2655814e-01  -9.8768834e-01
  -1.8163563e-01  -2.5000000e-01  -9.5105652e-01
  -2.6684892e-01  -3.6728603e-01  -8.9100652e-01
  -3.4549150e-01  -4.7552826e-01  -8.0901699e-01
  -4.1562694e-01  -5.7206140e-01  -7.0710678e-01
  -4.7552826e-01  -6.5450850e-01  -5.8778525e-01
  -5.2372049e-01  -7.2083942e-01  -4.5399050e-01
  -5.5901699e-01  -7.6942088e-01  -3.0901699e-01
  -5.8054864e-01  -7.9905665e-01  -1.5643447e-01
  -5.8778525e-01  -8.0901699e-01   0.0000000e+00
  -5.8054864e-01  -7.9905665e-01   1.5643447e-01
  -5.5901699e-01  -7.6942088e-01   3.0901699e-01
  -5.2372049e-01  -7.2083942e-01   4.5399050e-01
  -4.7552826e-01  -6.5450850e-01   5.8778525e-01
  -4.1562694e-01  -5.7206140e-01   7.0710678e-01
  -3.4549150e-01  -4.7552826e-01   8.0901699e-01
  -2.6684892e-01  -3.6728603e-01   8.9100652e-01
  -1.8163563e-01  -2.5000000e-01   9.5105652e-01
  -9.1949872e-02  -1.2655814e-01   9.8768834e-01
   0.0000000e+00   0.0000000e+00   1.0000000e+00
   0.0000000e+00   0.0000000e+00  -1.0000000e+00
  -4.8340908e-02  -1.4877802e-01  -9.8768834e-01
  -9.5491503e-02  -2.9389263e-01  -9.5105652e-01
  -1.4029078e-01  -4.3177062e-01  -8.9100652e-01
  -1.8163563e-01  -5.5901699e-01  -8.0901699e-01
  -2.1850801e-01  -6.7249851e-01  -7.0710678e-01
  -2.5000000e-01  -7.6942088e-01  -5.8778525e-01
  -2.7533616e-01  -8.4739756e-01  -4.5399050e-01
  -2.9389263e-01  -9.0450850e-01  -3.0901699e-01
  -3.0521248e-01  -9.3934743e-01  -1.5643447e-01
  -3.0901699e-01  -9.5105652e-01   0.0000000e+00
  -3.0521248e-01  -9.3934743e-01   1.5643447e-01
  -2.9389263e-01  -9.0450850e-01   3.0901699e-01
  -2.7533616e-01  -8.4739756e-01   4.5399050e-01
  -2.5000000e-01  -7.6942088e-01   5.8778525e-01
  -2.1850801e-01  -6.7249851e-01   7.0710678e-01
  -1.8163563e-01  -5.5901699e-01   8.0901699e-01
  -1.4029078e-01  -4.3177062e-01   8.9100652e-01
  -9.5491503e-02  -2.9389263e-01   9.5105652e-01
  -4.8340908e-02  -1.4877802e-01   9.8768834e-01
   0.0000000e+00   0.0000000e+00   1.0000000e+00
   0.0000000e+00   0.0000000e+00  -1.0000000e+00
   9.5785320e-18  -1.5643447e-01  -9.8768834e-01
   1.8921209e-17  -3.0901699e-01  -9.5105652e-01
   2.7797983e-17  -4.5399050e-01  -8.9100652e-01
   3.5990278e-17  -5.8778525e-01  -8.0901699e-01
   4.3296373e-17  -7.0710678e-01  -7.0710678e-01
   4.9536368e-17  -8.0901699e-01  -5.8778525e-01
   5.4556613e-17  -8.9100652e-01  -4.5399050e-01
   5.8233493e-17  -9.5105652e-01  -3.0901699e-01
   6.0476471e-17  -9.8768834e-01  -1.5643447e-01
   6.1230318e-17  -1.0000000e+00   0.0000000e+00
   6.0476471e-17  -9.8768834e-01   1.5643447e-01
   5.8233493e-17  -9.5105652e-01   3.0901699e-01
   5.4556613e-17  -8.9100652e-01   4.5399050e-01
   4.9536368e-17  -8.0901699e-01   5.8778525e-01
   4.3296373e-17  -7.0710678e-01   7.0710678e-01
   3.5990278e-17  -5.8778525e-01   8.0901699e-01
   2.7797983e-17  -4.5399050e-01   8.9100652e-01
   1.8921209e-17  -3.0901699e-01   9.5105652e-01
   9.5785320e-18  -1.5643447e-01   9.8768834e-01
   0.0000000e+00   0.0000000e+00   1.0000000e+00
   0.0000000e+00   0.0000000e+00  -1.0000000e+00
   4.8340908e-02  -1.4877802e-01  -9.8768834e-01
   9.5491503e-02  -2.9389263e-01  -9.5105652e-01
   1.4029078e-01  -4.3177062e-01  -8.9100652e-01
   1.8163563e-01  -5.5901699e-01  -8.0901699e-01
   2.1850801e-01  -6.7249851e-01  -7.0710678e-01
   2.5000000e-01  -7.6942088e-01  -5.8778525e-01
   2.7533616e-01  -8.4739756e-01  -4.5399050e-01
   2.9389263e-01  -9.0450850e-01  -3.0901699e-01
   3.0521248e-01  -9.3934743e-01  -1.5643447e-01
   3.0901699e-01  -9.5105652e-01   0.0000000e+00
   3.0521248e-01  -9.3934743e-01   1.5643447e-01
   2.9389263e-01  -9.0450850e-01   3.0901699e-01
   2.7533616e-01  -8.4739756e-01   4.5399050e-01
   2.5000000e-01  -7.6942088e-01   5.8778525e-01
   2.1850801e-01  -6.7249851e-01   7.0710678e-01
   1.8163563e-01  -5.5901699e-01   8.0901699e-01
   1.4029078e-01  -4.3177062e-01   8.9100652e-01
   9.5491503e-02  -2.9389263e-01   9.5105652e-01
   4.8340908e-02  -1.4877802e-01   9.8768834e-01
   0.0000000e+00   0.0000000e+00   1.0000000e+00
   0.0000000e+00   0.0000000e+00  -1.0000000e+00
   9.1949872e-02  -1.2655814e-01  -9.8768834e-01
   1.8163563e-01  -2.5000000e-01  -9.5105652e-01
   2.6684892e-01  -3.6728603e-01  -8.9100652e-01
   3.4549150e-01  -4.7552826e-01  -8.0901699e-01
   4.1562694e-01  -5.7206140e-01  -7.0710678e-01
   4.7552826e-01  -6.5450850e-01  -5.8778525e-01
   5.2372049e-01  -7.2083942e-01  -4.5399050e-01
   5.5901699e-01  -7.6942088e-01  -3.0901699e-01
   5.8054864e-01  -7.9905665e-01  -1.5643447e-01
   5.8778525e-01  -8.0901699e-01   0.0000000e+00
   5.8054864e-01  -7.9905665e-01   1.5643447e-01
   5.5901699e-01  -7.6942088e-01   3.0901699e-01
   5.2372049e-01  -7.2083942e-01   4.5399050e-01
   4.7552826e-01  -6.5450850e-01   5.8778525e-01
   4.1562694e-01  -5.7206140e-01   7.0710678e-01
   3.4549150e-01  -4.7552826e-01   8.0901699e-01
   2.6684892e-01  -3.6728603e-01   8.9100652e-01
   1.8163563e-01  -2.5000000e-01   9.5105652e-01
   9.1949872e-02  -1.2655814e-01   9.8768834e-01
   0.0000000e+00   0.0000000e+00   1.0000000e+00
   0.0000000e+00   0.0000000e+00  -1.0000000e+00
   1.2655814e-01  -9.1949872e-02  -9.8768834e-01
   2.5000000e-01  -1.8163563e-01  -9.5105652e-01
   3.6728603e-01  -2.6684892e-01  -8.9100652e-01
   4.7552826e-01  -3.4549150e-01  -8.0901699e-01
   5.7206140e-01  -4.1562694e-01  -7.0710678e-01
   6.5450850e-01  -4.7552826e-01  -5.8778525e-01
   7.2083942e-01  -5.2372049e-01  -4.5399050e-01
   7.6942088e-01  -5.5901699e-01  -3.0901699e-01
   7.9905665e-01  -5.8054864e-01  -1.5643447e-01
   8.0901699e-01  -5.8778525e-01   0.0000000e+00
   7.9905665e-01  -5.8054864e-01   1.5643447e-01
   7.6942088e-01  -5.5901699e-01   3.0901699e-01
   7.2083942e-01  -5.2372049e-01   4.5399050e-01
   6.5450850e-01  -4.7552826e-01   5.8778525e-01
   5.7206140e-01  -4.1562694e-01   7.0710678e-01
   4.7552826e-01  -3.4549150e-01   8.0901699e-01
   3.6728603e-01  -2.6684892e-01   8.9100652e-01
   2.5000000e-01  -1.8163563e-01   9.5105652e-01
   1.2655814e-01  -9.1949872e-02   9.8768834e-01
   0.0000000e+00   0.0000000e+00   1.0000000e+00
   0.0000000e+00   0.0000000e+00  -1.0000000e+00
   1.4877802e-01  -4.8340908e-02  -9.8768834e-01
   2.9389263e-01  -9.5491503e-02  -9.5105652e-01
   4.3177062e-01  -1.4029078e-01  -8.9100652e-01
   5.5901699e-01  -1.8163563e-01  -8.0901699e-01
   6.7249851e-01  -2.1850801e-01  -7.0710678e-01
   7.6942088e-01  -2.5000000e-01  -5.8778525e-01
   8.4739756e-01  -2.7533616e-01  -4.5399050e-01
   9.0450850e-01  -2.9389263e-01  -3.0901699e-01
   9.3934743e-01  -3.0521248e-01  -1.5643447e-01
   9.5105652e-01  -3.0901699e-01   0.0000000e+00
   9.3934743e-01  -3.0521248e-01   1.5643447e-01
   9.0450850e-01  -2.9389263e-01   3.0901699e-01
   8.4739756e-01  -2.7533616e-01   4.5399050e-01
   7.6942088e-01  -2.5000000e-01   5.8778525e-01
   6.7249851e-01  -2.1850801e-01   7.0710678e-01
   5.5901699e-01  -1.8163563e-01   8.0901699e-01
   4.3177062e-01  -1.4029078e-01   8.9100652e-01
   2.9389263e-01  -9.5491503e-02   9.5105652e-01
   1.4877802e-01  -4.8340908e-02   9.8768834e-01
   0.0000000e+00   0.0000000e+00   1.0000000e+00
   0.0000000e+00   0.0000000e+00  -1.0000000e+00
   1.5643447e-01   0.0000000e+00  -9.8768834e-01
   3.0901699e-01   0.0000000e+00  -9.5105652e-01
   4.5399050e-01   0.0000000e+00  -8.9100652e-01
   5.8778525e-01   0.0000000e+00  -8.0901699e-01
   7.0710678e-01   0.0000000e+00  -7.0710678e-01
   8.0901699e-01   0.0000000e+00  -5.8778525e-01
   8.9100652e-01   0.0000000e+00  -4.5399050e-01
   9.5105652e-01   0.0000000e+00  -3.0901699e-01
   9.8768834e-01   0.0000000e+00  -1.5643447e-01
   1.0000000e+00   0.0000000e+00   0.0000000e+00
   9.8768834e-01   0.0000000e+00   1.5643447e-01
   9.5105652e-01   0.0000000e+00   3.0901699e-01
   8.9100652e-01   0.0000000e+00   4.5399050e-01
   8.0901699e-01   0.0000000e+00   5.8778525e-01
   7.0710678e-01   0.0000000e+00   7.0710678e-01
   5.8778525e-01   0.0000000e+00   8.0901699e-01
   4.5399050e-01   0.0000000e+00   8.9100652e-01
   3.0901699e-01   0.0000000e+00   9.5105652e-01
   1.5643447e-01   0.0000000e+00   9.8768834e-01
   0.0000000e+00   0.0000000e+00   1.0000000e+00
   0.0000000e+00   0.0000000e+00  -1.0000000e+00
   1.4877802e-01   4.8340908e-02  -9.8768834e-01
   2.9389263e-01   9.5491503e-02  -9.5105652e-01
   4.3177062e-01   1.4029078e-01  -8.9100652e-01
   5.5901699e-01   1.8163563e-01  -8.0901699e-01
   6.7249851e-01   2.1850801e-01  -7.0710678e-01
   7.6942088e-01   2.5000000e-01  -5.8778525e-01
   8.4739756e-01   2.7533616e-01  -4.5399050e-01
   9.0450850e-01   2.9389263e-01  -3.0901699e-01
   9.3934743e-01   3.0521248e-01  -1.5643447e-01
   9.5105652e-01   3.0901699e-01   0.0000000e+00
   9.3934743e-01   3.0521248e-01   1.5643447e-01
   9.0450850e-01   2.9389263e-01   3.0901699e-01
   8.4739756e-01   2.7533616e-01   4.5399050e-01
   7.6942088e-01   2.5000000e-01   5.8778525e-01
   6.7249851e-01   2.1850801e-01   7.0710678e-01
   5.5901699e-01   1.8163563e-01   8.0901699e-01
   4.3177062e-01   1.4029078e-01   8.9100652e-01
   2.9389263e-01   9.5491503e-02   9.5105652e-01
   1.4877802e-01   4.8340908e-02   9.8768834e-01
   0.0000000e+00   0.0000000e+00   1.0000000e+00
   0.0000000e+00   0.0000000e+00  -1.0000000e+00
   1.2655814e-01   9.1949872e-02  -9.8768834e-01
   2.5000000e-01   1.8163563e-01  -9.5105652e-01
   3.6728603e-01   2.6684892e-01  -8.9100652e-01
   4.7552826e-01   3.4549150e-01  -8.0901699e-01
   5.7206140e-01   4.1562694e-01  -7.0710678e-01
   6.5450850e-01   4.7552826e-01  -5.8778525e-01
   7.2083942e-01   5.2372049e-01  -4.5399050e-01
   7.6942088e-01   5.5901699e-01  -3.0901699e-01
   7.9905665e-01   5.8054864e-01  -1.5643447e-01
   8.0901699e-01   5.8778525e-01   0.0000000e+00
   7.9905665e-01   5.8054864e-01   1.5643447e-01
   7.6942088e-01   5.5901699e-01   3.0901699e-01
   7.2083942e-01   5.2372049e-01   4.5399050e-01
   6.5450850e-01   4.7552826e-01   5.8778525e-01
   5.7206140e-01   4.1562694e-01   7.0710678e-01
   4.7552826e-01   3.4549150e-01   8.0901699e-01
   3.6728603e-01   2.6684892e-01   8.9100652e-01
   2.5000000e-01   1.8163563e-01   9.5105652e-01
   1.2655814e-01   9.1949872e-02   9.8768834e-01
   0.0000000e+00   0.0000000e+00   1.0000000e+00
   0.0000000e+00   0.0000000e+00  -1.0000000e+00
   9.1949872e-02   1.2655814e-01  -9.8768834e-01
   1.8163563e-01   2.5000000e-01  -9.5105652e-01
   2.6684892e-01   3.6728603e-01  -8.9100652e-01
   3.4549150e-01   4.7552826e-01  -8.0901699e-01
   4.1562694e-01   5.7206140e-01  -7.0710678e-01
   4.7552826e-01   6.5450850e-01  -5.8778525e-01
   5.2372049e-01   7.2083942e-01  -4.5399050e-01
   5.5901699e-01   7.6942088e-01  -3.0901699e-01
   5.8054864e-01   7.9905665e-01  -1.5643447e-01
   5.8778525e-01   8.0901699e-01   0.0000000e+00
   5.8054864e-01   7.9905665e-01   1.5643447e-01
   5.5901699e-01   7.6942088e-01   3.0901699e-01
   5.2372049e-01   7.2083942e-01   4.5399050e-01
   4.7552826e-01   6.5450850e-01   5.8778525e-01
   4.1562694e-01   5.7206140e-01   7.0710678e-01
   3.4549150e-01   4.7552826e-01   8.0901699e-01
   2.6684892e-01   3.6728603e-01   8.9100652e-01
   1.8163563e-01   2.5000000e-01   9.5105652e-01
   9.1949872e-02   1.2655814e-01   9.8768834e-01
   0.0000000e+00   0.0000000e+00   1.0000000e+00
   0.0000000e+00   0.0000000e+00  -1.0000000e+00
   4.8340908e-02   1.4877802e-01  -9.8768834e-01
   9.5491503e-02   2.9389263e-01  -9.5105652e-01
   1.4029078e-01   4.3177062e-01  -8.9100652e-01
   1.8163563e-01   5.5901699e-01  -8.0901699e-01
   2.1850801e-01   6.7249851e-01  -7.0710678e-01
   2.5000000e-01   7.6942088e-01  -5.8778525e-01
   2.7533616e-01   8.4739756e-01  -4.5399050e-01
   2.9389263e-01   9.0450850e-01  -3.0901699e-01
   3.0521248e-01   9.3934743e-01  -1.5643447e-01
   3.0901699e-01   9.5105652e-01   0.0000000e+00
   3.0521248e-01   9.3934743e-01   1.5643447e-01
   2.9389263e-01   9.0450850e-01   3.0901699e-01
   2.7533616e-01   8.4739756e-01   4.5399050e-01
   2.5000000e-01   7.6942088e-01   5.8778525e-01
   2.1850801e-01   6.7249851e-01   7.0710678e-01
   1.8163563e-01   5.5901699e-01   8.0901699e-01
   1.4029078e-01   4.3177062e-01   8.9100652e-01
   9.5491503e-02   2.9389263e-01   9.5105652e-01
   4.8340908e-02   1.4877802e-01   9.8768834e-01
   0.0000000e+00   0.0000000e+00   1.0000000e+00
   0.0000000e+00   0.0000000e+00  -1.0000000e+00
   9.5785320e-18   1.5643447e-01  -9.8768834e-01
   1.8921209e-17   3.0901699e-01  -9.5105652e-01
   2.7797983e-17   4.5399050e-01  -8.9100652e-01
   3.5990278e-17   5.8778525e-01  -8.0901699e-01
   4.3296373e-17   7.0710678e-01  -7.0710678e-01
   4.9536368e-17   8.0901699e-01  -5.8778525e-01
   5.4556613e-17   8.9100652e-01  -4.5399050e-01
   5.8233493e-17   9.5105652e-01  -3.0901699e-01
   6.0476471e-17   9.8768834e-01  -1.5643447e-01
   6.1230318e-17   1.0000000e+00   0.0000000e+00
   6.0476471e-17   9.8768834e-01   1.5643447e-01
   5.8233493e-17   9.5105652e-01   3.0901699e-01
   5.4556613e-17   8.9100652e-01   4.5399050e-01
   4.9536368e-17   8.0901699e-01   5.8778525e-01
   4.3296373e-17   7.0710678e-01   7.0710678e-01
   3.5990278e-17   5.8778525e-01   8.0901699e-01
   2.7797983e-17   4.5399050e-01   8.9100652e-01
   1.8921209e-17   3.0901699e-01   9.5105652e-01
   9.5785320e-18   1.5643447e-01   9.8768834e-01
   0.0000000e+00   0.0000000e+00   1.0000000e+00
   0.0000000e+00   0.0000000e+00  -1.0000000e+00
  -4.8340908e-02   1.4877802e-01  -9.8768834e-01
  -9.5491503e-02   2.9389263e-01  -9.5105652e-01
  -1.4029078e-01   4.3177062e-01  -8.9100652e-01
  -1.8163563e-01   5.5901699e-01  -8.0901699e-01
  -2.1850801e-01   6.7249851e-01  -7.0710678e-01
  -2.5000000e-01   7.6942088e-01  -5.8778525e-01
  -2.7533616e-01   8.4739756e-01  -4.5399050e-01
  -2.9389263e-01   9.0450850e-01  -3.0901699e-01
  -3.0521248e-01   9.3934743e-01  -1.5643447e-01
  -3.0901699e-01   9.5105652e-01   0.0000000e+00
  -3.0521248e-01   9.3934743e-01   1.5643447e-01
  -2.9389263e-01   9.0450850e-01   3.0901699e-01
  -2.7533616e-01   8.4739756e-01   4.5399050e-01
  -2.5000000e-01   7.6942088e-01   5.8778525e-01
  -2.1850801e-01   6.7249851e-01   7.0710678e-01
  -1.8163563e-01   5.5901699e-01   8.0901699e-01
  -1.4029078e-01   4.3177062e-01   8.9100652e-01
  -9.5491503e-02   2.9389263e-01   9.5105652e-01
  -4.8340908e-02   1.4877802e-01   9.8768834e-01
   0.0000000e+00   0.0000000e+00   1.0000000e+00
   0.0000000e+00   0.0000000e+00  -1.0000000e+00
  -9.1949872e-02   1.2655814e-01  -9.8768834e-01
  -1.8163563e-01   2.5000000e-01  -9.5105652e-01
  -2.6684892e-01   3.6728603e-01  -8.9100652e-01
  -3.4549150e-01   4.7552826e-01  -8.0901699e-01
  -4.1562694e-01   5.7206140e-01  -7.0710678e-01
  -4.7552826e-01   6.5450850e-01  -5.8778525e-01
  -5.2372049e-01   7.2083942e-01  -4.5399050e-01
  -5.5901699e-01   7.6942088e-01  -3.0901699e-01
  -5.8054864e-01   7.9905665e-01  -1.5643447e-01
  -5.8778525e-01   8.0901699e-01   0.0000000e+00
  -5.8054864e-01   7.9905665e-01   1.5643447e-01
  -5.5901699e-01   7.6942088e-01   3.0901699e-01
  -5.2372049e-01   7.2083942e-01   4.5399050e-01
  -4.7552826e-01   6.5450850e-01   5.8778525e-01
  -4.1562694e-01   5.7206140e-01   7.0710678e-01
  -3.4549150e-01   4.7552826e-01   8.0901699e-01
  -2.6684892e-01   3.6728603e-01   8.9100652e-01
  -1.8163563e-01   2.5000000e-01   9.5105652e-01
  -9.1949872e-02   1.2655814e-01   9.8768834e-01
   0.0000000e+00   0.0000000e+00   1.0000000e+00
   0.0000000e+00   0.0000000e+00  -1.0000000e+00
  -1.2655814e-01   9.1949872e-02  -9.8768834e-01
  -2.5000000e-01   1.8163563e-01  -9.5105652e-01
  -3.6728603e-01   2.6684892e-01  -8.9100652e-01
  -4.7552826e-01   3.4549150e-01  -8.0901699e-01
  -5.7206140e-01   4.1562694e-01  -7.0710678e-01
  -6.5450850e-01   4.7552826e-01  -5.8778525e-01
  -7.2083942e-01   5.2372049e-01  -4.5399050e-01
  -7.6942088e-01   5.5901699e-01  -3.0901699e-01
  -7.9905665e-01   5.8054864e-01  -1.5643447e-01
  -8.0901699e-01   5.8778525e-01   0.0000000e+00
  -7.9905665e-01   5.8054864e-01   1.5643447e-01
  -7.6942088e-01   5.5901699e-01   3.0901699e-01
  -7.2083942e-01   5.2372049e-01   4.5399050e-01
  -6.5450850e-01   4.7552826e-01   5.8778525e-01
  -5.7206140e-01   4.1562694e-01   7.0710678e-01
  -4.7552826e-01   3.4549150e-01   8.0901699e-01
  -3.6728603e-01   2.6684892e-01   8.9100652e-01
  -2.5000000e-01   1.8163563e-01   9.5105652e-01
  -1.2655814e-01   9.1949872e-02   9.8768834e-01
   0.0000000e+00   0.0000000e+00   1.0000000e+00
   0.0000000e+00   0.0000000e+00  -1.0000000e+00
  -1.4877802e-01   4.8340908e-02  -9.8768834e-01
  -2.9389263e-01   9.5491503e-02  -9.5105652e-01
  -4.3177062e-01   1.4029078e-01  -8.9100652e-01
  -5.5901699e-01   1.8163563e-01  -8.0901699e-01
  -6.7249851e-01   2.1850801e-01  -7.0710678e-01
  -7.6942088e-01   2.5000000e-01  -5.8778525e-01
  -8.4739756e-01   2.7533616e-01  -4.5399050e-01
  -9.0450850e-01   2.9389263e-01  -3.0901699e-01
  -9.3934743e-01   3.0521248e-01  -1.5643447e-01
  -9.5105652e-01   3.0901699e-01   0.0000000e+00
  -9.3934743e-01   3.0521248e-01   1.5643447e-01
  -9.0450850e-01   2.9389263e-01   3.0901699e-01
  -8.4739756e-01   2.7533616e-01   4.5399050e-01
  -7.6942088e-01   2.5000000e-01   5.8778525e-01
  -6.7249851e-01   2.1850801e-01   7.0710678e-01
  -5.5901699e-01   1.8163563e-01   8.0901699e-01
  -4.3177062e-01   1.4029078e-01   8.9100652e-01
  -2.9389263e-01   9.5491503e-02   9.5105652e-01
  -1.4877802e-01   4.8340908e-02   9.8768834e-01
   0.0000000e+00   0.0000000e+00   1.0000000e+00
   0.0000000e+00   0.0000000e+00  -1.0000000e+00
  -1.5643447e-01   0.0000000e+00  -9.8768834e-01
  -3.0901699e-01   0.0000000e+00  -9.5105652e-01
  -4.5399050e-01   0.0000000e+00  -8.9100652e-01
  -5.8778525e-01   0.0000000e+00  -8.0901699e-01
  -7.0710678e-01   0.0000000e+00  -7.0710678e-01
  -8.0901699e-01   0.0000000e+00  -5.8778525e-01
  -8.9100652e-01   0.0000000e+00  -4.5399050e-01
  -9.5105652e-01   0.0000000e+00  -3.0901699e-01
  -9.8768834e-01   0.0000000e+00  -1.5643447e-01
  -1.0000000e+00   0.0000000e+00   0.0000000e+00
  -9.8768834e-01   0.0000000e+00   1.5643447e-01
  -9.5105652e-01   0.0000000e+00   3.0901699e-01
  -8.9100652e-01   0.0000000e+00   4.5399050e-01
  -8.0901699e-01   0.0000000e+00   5.8778525e-01
  -7.0710678e-01   0.0000000e+00   7.0710678e-01
  -5.8778525e-01   0.0000000e+00   8.0901699e-01
  -4.5399050e-01   0.0000000e+00   8.9100652e-01
  -3.0901699e-01   0.0000000e+00   9.5105652e-01
  -1.5643447e-01   0.0000000e+00   9.8768834e-01
   0.0000000e+00   0.0000000e+00   1.0000000e+00
