TABLE II (2.4.6) 	
Optical Densities of the Eye Lens and 
Macular Pigment as Functions of Wavelength

Lmda	d_L	d_M	d_L+M	D_L+M

400	1.200	0.085	1.285	1.528
405	1.000	0.120	1.120	1.358
410	0.820	0.160	0.980	1.212
415	0.670	0.225	0.895	1.122
420	0.550	0.300	0.850	1.072	

425	0.450	0.345	0.795	1.012
430	0.370	0.365	0.735	0.947	
435	0.310	0.380	0.690	0.897
440	0.270	0.400	0.670	0.872			
445	0.240	0.425	0.665	0.862
	
450	0.225	0.460	0.685	0.877
455	0.205	0.490	0.695	0.882
460	0.195	0.495	0.690	0.872
465	0.185	0.470	0.655	0.833	
470	0.175	0.445	0.620	0.793	

475	0.165	0.410	0.575	0.743
480	0.155	0.415	0.570	0.734
485	0.145	0.420	0.565	0.724
490	0.140	0.410	0.550	0.705
495	0.130	0.360	0.490	0.640
	
500	0.125	0.275	0.400	0.546
505	0.115	0.195	0.310	0.452
510	0.110	0.130	0.240	0.378
515	0.105	0.085	0.190	0.323
520	0.100	0.050	0.150	0.279

525	0.095	0.025	0.120	0.245
530	0.090	0.010	0.100	0.221
535	0.085	0.000	0.085	0.202
540	0.080	0.000	0.080	0.193
545	0.075	0.000	0.075	0.184
	
550	0.070	0.000	0.070	0.175
555	0.065	0.000	0.065	0.166
560	0.060	0.000	0.060	0.157
565	0.055	0.000	0.055	0.148
570	0.050	0.000	0.050	0.139

575	0.045	0.000	0.045	0.130
580	0.040	0.000	0.040	0.122
585	0.035	0.000	0.035	0.113
590	0.031	0.000	0.031	0.105	
595	0.027	0.000	0.027	0.098

600	0.024	0.000	0.024	0.091
605	0.021	0.000	0.021	0.084
610	0.018	0.000	0.018	0.078
615	0.015	0.000	0.015	0.071
620	0.012	0.000	0.012	0.065

625	0.010	0.000	0.010	0.059
630	0.008	0.000	0.008	0.054
635	0.006	0.000	0.006	0.048
640	0.004	0.000	0.004	0.043
645	0.003	0.000	0.003	0.039

650	0.002	0.000	0.002	0.034	
655	0.001	0.000	0.001	0.030
660	0.000	0.000	0.000	0.026
665	0.000	0.000	0.000	0.022
670	0.000	0.000	0.000	0.019

675	0.000	0.000	0.000	0.016
680	0.000	0.000	0.000	0.013
685	0.000	0.000	0.000	0.009
690	0.000	0.000	0.000	0.006
695	0.000	0.000	0.000	0.003

700	0.000	0.000	0.000	0.000
705	0.000	0.000	0.000	-0.003
710	0.000	0.000	0.000	-0.006
715	0.000	0.000	0.000	-0.009
720	0.000	0.000	0.000	-0.012

725	0.000	0.000	0.000	-0.015
730	0.000	0.000	0.000	-0.018
735	0.000	0.000	0.000	-0.021
740	0.000	0.000	0.000	-0.024
745	0.000	0.000	0.000	-0.027
